-0.086151 -0.086151 -0.218303
-0.218303 -0.086151 -0.086151
-0.086151 -0.218303 -0.086151
-0.086151 -0.086151 -0.218303
-0.086151 -0.218303 -0.086151
0.086151 -0.086151 -0.218303
0.086151 -0.086151 -0.218303
-0.086151 -0.218303 -0.086151
0.086151 -0.218303 -0.086151
0.086151 -0.086151 -0.218303
0.086151 -0.218303 -0.086151
0.218303 -0.086151 -0.086151
-0.086151 -0.086151 -0.218303
-0.086151 0.086151 -0.218303
-0.218303 -0.086151 -0.086151
-0.218303 -0.086151 -0.086151
-0.086151 0.086151 -0.218303
-0.218303 0.086151 -0.086151
-0.086151 -0.086151 -0.218303
0.086151 -0.086151 -0.218303
-0.086151 0.086151 -0.218303
-0.086151 0.086151 -0.218303
0.086151 -0.086151 -0.218303
0.086151 0.086151 -0.218303
0.086151 -0.086151 -0.218303
0.218303 -0.086151 -0.086151
0.086151 0.086151 -0.218303
0.086151 0.086151 -0.218303
0.218303 -0.086151 -0.086151
0.218303 0.086151 -0.086151
-0.086151 0.086151 -0.218303
-0.086151 0.218303 -0.086151
-0.218303 0.086151 -0.086151
-0.086151 0.086151 -0.218303
0.086151 0.086151 -0.218303
-0.086151 0.218303 -0.086151
-0.086151 0.218303 -0.086151
0.086151 0.086151 -0.218303
0.086151 0.218303 -0.086151
0.086151 0.086151 -0.218303
0.218303 0.086151 -0.086151
0.086151 0.218303 -0.086151
-0.218303 -0.086151 -0.086151
-0.218303 -0.086151 0.086151
-0.086151 -0.218303 -0.086151
-0.086151 -0.218303 -0.086151
-0.218303 -0.086151 0.086151
-0.086151 -0.218303 0.086151
-0.086151 -0.218303 -0.086151
-0.086151 -0.218303 0.086151
0.086151 -0.218303 -0.086151
0.086151 -0.218303 -0.086151
-0.086151 -0.218303 0.086151
0.086151 -0.218303 0.086151
0.086151 -0.218303 -0.086151
0.086151 -0.218303 0.086151
0.218303 -0.086151 -0.086151
0.218303 -0.086151 -0.086151
0.086151 -0.218303 0.086151
0.218303 -0.086151 0.086151
-0.218303 0.086151 -0.086151
-0.218303 0.086151 0.086151
-0.218303 -0.086151 -0.086151
-0.218303 -0.086151 -0.086151
-0.218303 0.086151 0.086151
-0.218303 -0.086151 0.086151
0.218303 0.086151 -0.086151
0.218303 -0.086151 -0.086151
0.218303 0.086151 0.086151
0.218303 0.086151 0.086151
0.218303 -0.086151 -0.086151
0.218303 -0.086151 0.086151
-0.218303 0.086151 -0.086151
-0.086151 0.218303 -0.086151
-0.218303 0.086151 0.086151
-0.218303 0.086151 0.086151
-0.086151 0.218303 -0.086151
-0.086151 0.218303 0.086151
-0.086151 0.218303 -0.086151
0.086151 0.218303 -0.086151
-0.086151 0.218303 0.086151
-0.086151 0.218303 0.086151
0.086151 0.218303 -0.086151
0.086151 0.218303 0.086151
0.086151 0.218303 -0.086151
0.218303 0.086151 -0.086151
0.086151 0.218303 0.086151
0.086151 0.218303 0.086151
0.218303 0.086151 -0.086151
0.218303 0.086151 0.086151
-0.218303 -0.086151 0.086151
-0.086151 -0.086151 0.218303
-0.086151 -0.218303 0.086151
-0.086151 -0.218303 0.086151
-0.086151 -0.086151 0.218303
0.086151 -0.218303 0.086151
0.086151 -0.218303 0.086151
-0.086151 -0.086151 0.218303
0.086151 -0.086151 0.218303
0.086151 -0.218303 0.086151
0.086151 -0.086151 0.218303
0.218303 -0.086151 0.086151
-0.218303 0.086151 0.086151
-0.086151 0.086151 0.218303
-0.218303 -0.086151 0.086151
-0.218303 -0.086151 0.086151
-0.086151 0.086151 0.218303
-0.086151 -0.086151 0.218303
-0.086151 -0.086151 0.218303
-0.086151 0.086151 0.218303
0.086151 -0.086151 0.218303
0.086151 -0.086151 0.218303
-0.086151 0.086151 0.218303
0.086151 0.086151 0.218303
0.218303 0.086151 0.086151
0.218303 -0.086151 0.086151
0.086151 0.086151 0.218303
0.086151 0.086151 0.218303
0.218303 -0.086151 0.086151
0.086151 -0.086151 0.218303
-0.218303 0.086151 0.086151
-0.086151 0.218303 0.086151
-0.086151 0.086151 0.218303
-0.086151 0.218303 0.086151
0.086151 0.218303 0.086151
-0.086151 0.086151 0.218303
-0.086151 0.086151 0.218303
0.086151 0.218303 0.086151
0.086151 0.086151 0.218303
0.086151 0.218303 0.086151
0.218303 0.086151 0.086151
0.086151 0.086151 0.218303