0.000000 0.000000 0.000000
0.071796 0.054035 0.043880
0.154451 0.056383 0.100119
0.155276 0.131853 0.165721
0.202119 0.168182 0.246256
0.278269 0.195156 0.305194
0.346577 0.253977 0.348485
0.415837 0.306748 0.397661
0.473039 0.365312 0.455091
0.531738 0.445367 0.443026
0.621446 0.486180 0.459957
0.616614 0.578958 0.496958
0.670842 0.620147 0.570189
0.746745 0.681962 0.590627
0.736080 0.689961 0.689734
0.830386 0.736741 0.588758
0.905610 0.796991 0.562091
0.740435 0.752900 0.767322
0.724276 0.798242 0.854974
0.703318 0.885551 0.898997
0.704164 0.913402 0.995036
0.699243 1.010238 1.019502
0.746388 1.097945 1.028714
0.800144 1.138198 1.102809
0.669561 0.887108 1.085099
0.878399 1.200267 1.097955
0.951227 1.222835 1.162660
0.999588 1.269349 1.236806
0.988706 1.367701 1.222370
0.923264 1.413129 1.282814
0.914628 1.398008 1.381287
0.984391 1.453316 1.426830
0.987494 1.441981 1.526137
0.972713 1.414642 1.621185
0.684361 1.144002 0.965222
0.931057 1.369307 1.699985
0.909236 1.439492 1.767792
0.956449 1.467097 1.851511
0.954443 1.466907 1.951491
0.919317 1.497635 1.229492
0.887082 1.590876 1.213151
0.878113 1.284631 1.705179
0.980086 1.515111 2.035270
0.934153 1.583590 2.091844
0.857494 1.549500 2.146261
0.662185 0.822353 1.160943
0.864291 1.688220 1.211010
0.981594 1.666978 2.120056
0.873147 1.550553 2.245023
0.839938 1.736752 1.127036
0.843763 1.608070 2.321367
0.930502 1.763787 1.094368
0.901071 1.589126 2.401096
0.906726 1.659236 2.472177
0.890394 1.757605 2.479715
0.968788 1.818730 2.490582
0.931753 1.606642 2.553463
0.937449 1.755211 2.103745
0.793579 1.800521 1.065519
0.957319 1.910799 2.527887
0.746868 0.838744 1.211541
0.904712 1.995842 2.527373
0.874806 2.089863 2.543672
0.931234 1.531908 2.619905
0.956040 2.138351 2.576074
0.905908 1.475827 2.698732
0.998798 1.447755 2.722888
0.862504 1.460590 2.787523
0.999716 0.768141 0.579747
0.978838 2.200547 2.650987
0.968239 2.293523 2.615730
0.957792 2.344979 2.700837
0.573771 0.793434 1.197639
0.876628 1.437339 2.883752
0.980699 1.848698 1.077927
0.868192 1.364460 2.951705
0.536379 0.778554 1.289184
0.971780 1.948244 1.074618
0.914343 1.334957 3.035368
0.880847 1.288218 3.117182
0.938696 2.373977 2.564210
0.916160 2.027781 1.098710
0.761064 1.751774 0.984485
0.944788 2.435181 2.742001
0.864955 1.219494 3.188065
0.961037 1.200640 3.208381
0.999997 2.518519 2.739410
0.973028 2.601690 2.690879
0.877732 1.817846 2.153853
0.998571 1.135474 3.274294
0.949948 1.056761 3.312243
0.939911 2.691692 2.662544
0.883081 2.107637 1.048424
0.995420 2.757154 2.611227
0.822179 2.164416 0.993043
0.961192 2.426643 2.840276
0.960957 1.272445 3.277980
0.992304 2.482095 2.917459
0.967691 2.154853 1.023688
0.775506 2.245961 1.027276
0.820539 1.362533 3.146167
0.992526 1.076519 3.400542
0.943585 1.051967 3.484220
0.971762 2.193645 1.115768
0.927485 1.002938 3.569876
0.757049 2.343689 1.016858
0.736513 2.440281 1.032614
0.722846 2.537516 1.051550
0.740262 2.634944 1.065850
0.669804 2.703709 1.083376
0.863317 2.415073 2.857205
0.967055 2.518841 3.006970
0.771932 1.197175 3.217196
0.910527 1.018283 3.667225
0.604017 2.679222 1.154597
0.954114 2.609308 3.047568
0.515025 0.705726 1.354300
0.983763 0.993694 3.730723
0.532825 2.635433 1.209499
0.971086 2.848752 2.643128
0.954546 0.957920 3.297776
0.994665 0.918498 3.795736
0.828977 2.678315 1.050084
0.894965 2.744516 1.014547
0.935186 2.926239 2.591100
0.999477 3.002589 2.597203
0.929435 0.895345 3.867909
0.973091 3.070603 2.665598
0.910240 0.800551 3.842501
0.774730 1.504358 2.768030
0.924148 3.157686 2.670185
0.978823 2.794791 0.993564
0.946496 2.888413 0.979786
0.859167 1.093675 3.708190
0.910378 0.741347 3.923092
0.916745 3.257336 2.666306
0.665962 1.744687 0.954394
0.900966 0.694973 4.011188
0.578653 0.723746 1.126086
0.953688 0.741447 4.082326
0.998157 3.292081 2.712835
0.890776 2.959238 0.936438
0.922245 0.599523 4.032079
0.884386 3.043634 0.989696
0.977557 3.352262 2.789997
0.909802 0.542455 4.113248
0.472872 0.512748 0.398365
0.792791 1.836059 2.104322
0.967303 0.729924 4.180723
0.909593 0.905075 3.580013
1.066331 0.740172 4.190136
0.833988 0.841565 3.564191
0.997854 3.372804 2.653813
0.937162 0.481626 4.187755
0.795267 1.149983 3.760595
0.633127 1.709631 0.866685
0.572399 1.731248 0.987035
1.163087 0.719270 4.175947
0.897462 0.784408 4.227131
0.951584 3.413375 2.864768
0.589214 1.764485 0.795532
0.903512 3.411057 2.952425
0.899050 3.471431 3.032018
0.959307 3.109217 0.980440
0.986167 3.508926 3.063715
1.257237 0.700873 4.147710
0.585208 1.138841 0.953302
0.753378 1.223833 3.813430
0.809057 3.106189 0.969385
0.961607 1.232270 1.722120
1.345341 0.747359 4.138957
1.439615 0.758020 4.107354
1.527527 0.779893 4.065008
0.734591 1.312748 3.855157
1.620151 0.808800 4.089198
0.841417 2.167451 0.894958
0.459451 2.584436 1.254394
1.716246 0.792780 4.111760
1.756736 0.863241 4.053486
1.824955 0.927726 4.019023
1.923130 0.918692 4.002288
0.778047 1.383453 3.910946
0.850513 3.551587 2.997102
0.801915 2.198388 0.808456
0.421233 2.560305 1.343596
0.957628 2.636719 3.143673
0.964785 2.683455 3.231789
0.900362 1.489296 2.406891
0.822449 3.601769 3.078920
0.813551 3.589845 3.177807
0.750957 3.620879 3.249353
0.952602 0.885053 0.556023
0.394834 2.571937 1.439344
0.790284 3.166738 0.892046
0.781322 3.678691 3.030015
0.501224 0.609527 1.377864
0.817505 1.417533 3.229629
0.396996 2.669958 1.459022
0.608117 2.697320 1.004929
0.423886 0.577354 1.432487
0.695279 1.558660 2.795213
0.705053 3.213333 0.915807
0.739296 3.260006 0.997348
0.832460 1.431980 3.979388
2.018611 0.945253 4.015628
0.974027 2.234270 1.207116
2.077475 1.023572 4.035658
0.424549 0.618632 1.523568
0.709681 3.701832 3.291101
2.154693 1.080841 4.008132
2.244314 1.049660 3.976575
0.365727 0.699386 1.527893
0.710316 2.461617 0.938495
0.553185 2.685217 0.922249
0.779028 3.754624 3.340131
0.825296 3.797194 3.417894
0.991605 3.449445 2.589882
0.915587 3.823208 3.452112
2.339763 1.067750 3.952864
2.365989 1.012494 3.873750
0.886493 2.667350 3.291881
0.360080 2.479253 1.453550
2.409660 1.138917 3.945816
0.706955 1.858806 2.150308
0.715307 3.349626 0.960028
2.453298 1.207711 3.887825
2.481360 1.213958 3.792046
0.967900 1.134209 1.740680
0.781952 0.798130 3.490668
0.689234 3.416870 1.029300
0.710574 0.749161 3.440597
2.541968 1.293114 3.799854
2.615396 1.313806 3.735200
0.593847 1.715394 0.708534
2.707817 1.346140 3.714878
2.423598 1.155585 4.043427
0.708477 3.686326 2.961931
0.898341 3.390568 3.090846
0.865169 0.665458 0.649659
0.621974 3.742830 3.316134
0.818035 0.800629 4.285682
0.964920 2.084403 0.952772
0.618888 1.657978 0.637482
0.983250 3.811770 3.524850
0.606192 3.198782 0.919652
0.554265 2.699619 0.823298
2.753118 1.363569 3.627448
0.801395 0.869354 4.356393
0.709272 3.760808 2.895211
0.995508 3.744334 3.597665
2.809467 1.426137 3.573504
2.904582 1.446367 3.596825
0.861387 3.441684 2.832160
2.885437 1.544459 3.593455
2.981143 1.564364 3.572381
2.979756 1.655575 3.531409
2.119263 1.173256 4.022424
2.748215 1.484117 3.519777
2.398840 1.230047 4.105415
0.758305 0.690252 3.375393
0.381260 2.561102 1.196587
0.640332 3.821066 2.855006
0.650948 3.492413 1.082473
0.704417 0.681127 3.291651
0.864647 1.516968 4.021115
1.025952 0.458401 4.227466
0.791154 1.578786 4.048997
0.739528 1.613061 4.127482
0.826858 2.605790 3.343398
2.973825 1.753027 3.509778
0.699369 1.658978 4.206721
0.959591 3.685726 3.670295
2.950641 1.844262 3.543523
0.882214 2.372082 2.583158
0.726542 1.730061 4.271597
1.094792 0.497760 4.166540
0.802668 1.788514 4.299668
0.583959 3.667721 3.370112
0.917525 0.841945 0.577604
0.811311 1.461924 2.132209
2.439804 1.295720 4.168732
0.373230 0.558645 1.584952
2.938225 1.882000 3.451753
0.797648 1.066875 0.974888
0.862516 2.946450 2.525445
0.929079 3.590900 3.661520
2.477184 1.383800 4.139669
0.936153 3.877599 3.583573
0.425874 0.600136 0.410795
0.340389 2.686754 1.539728
0.971365 3.558079 3.745987
0.984674 3.512931 2.512930
0.839643 0.894612 0.543537
0.925562 3.525712 3.828779
2.969468 1.402904 3.659281
0.804666 2.973801 2.448599
2.042688 0.850684 4.037467
2.751706 1.416608 3.446086
0.423936 0.473539 1.598589
2.934945 1.980074 3.432501
0.998594 3.492668 3.888565
2.809288 1.389835 3.368836
0.686496 1.150950 3.240946
2.986829 2.055949 3.471884
2.855896 1.348528 3.290597
0.516397 3.222641 0.956632
0.423157 0.381664 1.559114
0.734913 1.472814 3.240697
0.496190 3.679693 3.323709
2.709980 1.564316 3.473883
0.668106 3.909684 2.817919
0.758591 2.533600 3.354723
2.081291 1.257527 4.060587
0.910144 1.786010 2.466991
2.984974 1.986571 3.346160
0.624238 3.588692 1.078364
0.886186 1.822770 4.342695
2.468592 1.472281 4.185466
0.475584 0.330042 1.491390
0.666555 0.622435 3.220084
0.993756 3.433534 3.969062
0.636402 0.542582 3.167985
0.723578 1.435495 2.092152
0.467147 3.593891 3.281345
2.935410 1.290735 3.272223
0.450888 3.746840 3.382351
0.909461 0.386060 4.177771
0.745119 0.833652 4.225742
0.624598 1.627327 4.265095
0.412661 3.744189 3.474718
2.897688 1.222221 3.209911
0.683357 0.935287 0.814570
0.760195 1.877542 4.316103
2.947608 1.222309 3.123262
0.590327 3.671941 1.034549
0.605798 3.770547 1.040663
0.455784 2.728931 1.514395
0.581052 3.855336 1.087550
0.910073 3.965959 3.544684
2.000694 1.304458 4.096664
0.575346 3.798761 2.782347
0.687841 3.989810 2.761436
0.632962 4.064451 2.723792
0.622529 3.908887 1.161117
0.936021 3.484794 4.032617
0.672960 2.581287 3.374555
0.584086 2.535495 3.376655
0.793927 2.930289 2.596399
2.081208 1.006421 4.134105
2.983007 2.154191 3.453609
2.960985 2.226753 3.518799
2.865837 1.134274 3.245278
0.970478 1.876224 4.348817
2.619709 1.552922 3.432396
0.616668 0.484172 3.089252
2.881741 2.270240 3.476030
2.876185 1.839619 3.610118
0.712108 3.946913 1.138105
0.596615 0.894144 0.786587
1.063229 1.912085 4.359368
0.646572 4.143198 2.663679
0.691156 1.920725 4.258061
0.807075 3.967162 1.114203
0.796616 2.343309 2.877224
0.898463 3.994029 1.083767
0.997138 3.996170 1.067682
0.441271 3.498285 3.267565
0.670115 1.374002 2.150120
2.822449 1.080758 3.172797
0.916813 3.873588 3.388153
0.706196 4.034594 1.185826
1.014446 3.528758 4.076397
2.921633 2.338894 3.415241
2.965578 2.419019 3.455848
0.645041 3.775694 0.948829
0.965055 1.093991 1.832192
2.987933 1.236471 3.032856
0.667798 4.159102 2.567260
0.605974 3.841509 3.313614
0.678178 4.078914 1.270977
0.309156 0.713988 1.446736
0.472546 2.808297 1.572876
2.923553 2.367430 3.319419
1.091736 3.582470 4.110179
0.765661 1.556976 3.285096
0.337970 0.790702 1.557743
0.661301 1.514089 3.187053
1.157295 3.647299 4.148899
2.971952 2.379645 3.232768
0.606675 4.211588 2.724761
1.345210 0.809983 4.216920
2.836016 2.412651 3.302321
0.827776 0.370062 4.233193
2.882513 1.065372 3.315808
0.464047 0.847431 1.294103
2.963708 1.253537 2.937347
1.239323 3.591741 4.162490
1.314480 3.657597 4.158691
2.920496 1.252561 2.847171
2.938354 2.480345 3.529996
0.677763 3.867437 1.233443
2.509165 1.461243 4.276196
2.776196 2.491861 3.290180
2.995435 1.244780 2.781417
0.539310 0.315771 1.415657
2.996069 2.550882 3.571148
0.853567 0.958486 0.467865
0.672013 2.636954 1.214513
0.910761 2.937229 0.840959
0.568978 1.509771 3.148871
0.307094 2.584064 1.133562
2.975278 1.172536 2.715276
1.402657 3.698981 4.136062
0.719801 2.946986 2.403003
2.753372 2.481148 3.193411
1.087347 3.696686 4.200553
0.805535 3.191842 0.796457
0.706553 4.172760 1.251288
2.808721 1.170235 3.143749
2.949695 2.628760 3.613393
1.025430 3.773777 4.215498
0.488690 2.561503 3.391595
0.465274 0.316864 1.348444
0.451400 0.237317 1.519978
0.650731 0.800982 4.230587
2.439870 1.485471 4.344102
2.414206 0.944460 3.818555
2.546846 1.618673 3.451576
0.982045 3.510648 2.412991
2.882876 2.652372 3.683946
2.944704 2.720931 3.722379
2.975968 1.118315 2.631256
2.976145 1.043303 2.565125
0.690144 3.800693 0.863151
2.461204 1.420212 4.416808
2.558177 1.396010 4.420021
0.653160 4.257136 1.256765
1.490371 3.691312 4.183469
0.761400 2.086518 0.977621
2.641936 1.346236 4.397503
0.529894 1.630941 4.233190
0.519194 3.806104 2.699927
0.972133 2.141607 2.731493
2.112403 0.969835 4.221788
0.729378 2.638140 1.296414
0.620148 1.624294 2.788331
0.519583 4.248727 2.692579
0.577795 1.342522 2.172166
1.492621 3.780193 4.229241
0.862499 4.049627 3.571819
0.452611 2.475204 3.426961
0.745141 2.729810 1.333132
1.129815 1.966598 4.410306
0.837011 2.471943 3.347752
0.618974 1.937171 4.325287
1.589216 3.805408 4.223447
0.853104 0.307137 4.306671
1.325216 0.906648 4.200917
0.537489 2.734452 0.731074
1.677129 3.850422 4.239104
2.890820 0.968900 3.340792
0.870278 1.760128 2.478796
0.659776 3.892931 0.839277
0.844423 3.453901 4.058215
0.503787 3.693495 0.989313
1.488376 3.630592 4.262899
0.383551 2.445009 3.492681
2.734550 2.572000 3.156106
1.021277 0.602426 4.045651
0.720176 3.995426 1.126756
1.752321 0.701911 4.090747
2.949280 1.184937 2.561619
0.965177 3.584229 2.347407
2.796722 2.626155 3.099521
2.854096 2.702605 3.070135
1.507267 3.637290 4.360870
2.893493 2.753828 2.993819
0.636821 3.965211 0.774095
2.951025 2.753487 2.912027
0.638918 4.058828 0.739004
1.733770 3.912307 4.184680
0.805741 4.181303 1.241874
2.991185 2.790228 2.828138
0.386108 3.810110 3.545069
0.806836 2.727224 3.283526
1.901997 1.319301 4.102886
2.933937 2.870848 2.813205
0.623038 1.644089 0.538538
0.399491 0.607246 0.314601
2.977587 0.994407 2.477906
2.725929 2.654548 3.034851
1.200431 1.974598 4.480658
0.918212 1.006154 1.841697
0.505346 2.780012 0.648061
2.929560 2.965136 2.780180
0.408254 0.650743 0.495226
2.983074 3.030767 2.726993
0.647547 2.991609 2.455806
0.983014 2.042783 0.863663
2.958143 1.024889 2.384671
0.834499 0.934674 4.424491
0.423849 3.259690 0.948743
2.953789 3.036112 2.631526
2.980090 1.009248 2.288371
0.757160 0.306992 4.201012
2.898857 0.951871 3.439003
2.862852 3.067840 2.604625
0.634032 0.880539 4.172348
2.827581 1.221917 2.826490
0.622402 1.857772 0.781533
1.277941 1.936800 4.531290
2.649031 1.252894 4.432673
2.660319 1.164757 4.478547
0.686857 3.999883 1.036732
0.780648 3.428432 4.130907
0.630624 4.194467 2.481427
0.537789 1.613437 0.496193
2.899190 0.932599 2.472104
0.799111 2.790750 1.391214
0.835498 4.118374 3.639234
0.804122 1.733871 1.276551
0.681749 2.115784 0.924714
2.048858 0.982920 4.297886
2.631460 2.627112 3.016882
0.864629 2.595965 1.005955
0.457460 2.403014 3.545349
0.696965 0.440624 0.412824
0.575903 4.318073 1.274598
0.799222 1.909974 2.037276
0.632135 4.297091 1.215816
2.378477 0.898840 3.737055
2.512246 0.930113 3.832060
0.609137 0.549100 3.013571
1.183627 2.031206 4.356175
2.990607 0.913117 3.447955
1.763353 3.875611 4.096485
2.985553 1.059074 2.201841
2.989871 3.009805 2.542050
0.911865 3.538553 2.276192
0.554287 3.926151 3.300798
1.766671 4.006657 4.180737
0.780624 0.847306 4.133260
2.001646 1.321715 4.195159
2.948549 1.007265 2.124727
2.931154 1.024365 2.027747
2.845868 1.075011 2.040447
2.678534 1.437181 3.744101
0.426269 2.742620 0.599598
1.866093 3.998907 4.188167
0.629441 4.226769 1.144770
0.704422 1.435599 2.749894
2.580545 0.861379 3.856775
2.628184 0.797271 3.916948
1.165715 0.441208 4.208631
2.486724 1.697420 3.438006
2.614613 2.591201 2.925086
2.637688 2.526087 2.852783
0.424413 2.549305 3.315967
2.923233 1.033275 1.928461
0.823264 3.269613 0.736146
1.925545 4.050412 4.249914
2.020625 4.080451 4.242335
2.547362 1.553163 4.285772
0.672867 2.955998 2.315163
0.720668 3.366850 4.181996
1.313568 1.868348 4.467690
2.113476 4.109108 4.265947
1.741940 4.102844 4.192421
1.274279 1.791164 4.517681
2.987028 1.094113 1.881249
0.674400 3.311537 4.251276
2.754789 1.047068 2.010054
0.818757 2.201903 0.709947
0.556255 1.567576 0.409269
2.570761 1.348599 4.141717
1.142637 1.986124 4.561447
0.610377 3.843921 1.303486
0.950015 1.894303 2.548095
1.793657 3.891884 4.002587
2.206326 4.137765 4.289559
2.299176 4.166423 4.313171
0.559065 4.081755 0.683345
2.889179 1.343974 2.872921
0.972387 3.844732 4.261885
0.765524 1.159822 3.133336
2.574329 2.705035 3.042649
0.470611 2.904401 1.600450
2.977070 1.193616 1.881621
2.340317 4.209615 4.232910
2.701627 1.421130 4.368729
2.432709 4.237072 4.259557
2.356137 4.239797 4.138895
2.961309 2.998564 2.446877
0.597237 4.111819 2.436097
0.644263 3.216274 4.255363
0.440502 4.309286 2.701461
0.626427 3.177227 4.345680
2.747185 1.178711 2.785629
0.669506 2.927763 2.219291
0.886959 2.838430 1.394280
2.747370 1.121573 4.502155
2.523642 4.243291 4.218418
2.878593 3.161779 2.635082
2.585433 0.707435 3.906857
2.615196 4.271268 4.247314
0.526385 1.964278 4.298971
2.706751 4.299244 4.276210
2.416229 1.391176 4.501272
2.845885 1.115599 4.518252
2.226059 4.049607 4.332439
2.804441 1.160904 2.070548
2.798306 4.327221 4.305107
2.889861 4.355197 4.334003
2.863156 1.040581 4.582080
2.777014 3.062590 2.553593
2.930940 1.165581 4.534604
2.920377 3.034361 2.362954
2.807517 2.621540 3.742000
2.981416 4.383174 4.362899
0.866838 2.379437 3.371267
2.533889 1.640662 4.332274
2.468092 1.228902 4.155219
2.984547 1.063550 1.786067
2.991619 3.101968 2.344142
0.914442 3.916851 4.299848
0.500665 1.687135 0.439709
0.948795 3.993924 4.353510
0.549030 1.616503 2.718462
0.496176 1.559714 4.294751
0.904724 1.390194 2.419532
2.695737 0.970163 1.985590
2.607039 0.949729 1.944176
2.225383 4.016413 4.426767
0.702782 1.660968 0.895138
2.581949 2.488133 2.778941
0.337626 2.524252 3.532824
2.571231 0.962234 1.851649
2.971472 3.090781 2.246833
2.567239 4.176255 4.158372
2.493129 2.679448 3.095106
1.817905 0.704437 4.166195
2.553927 0.941233 1.755422
0.497920 4.122052 0.615246
2.574504 4.189843 4.059566
0.785067 1.313159 1.682189
0.406463 2.679739 0.524406
2.546225 4.210189 3.965831
2.950999 3.177631 2.201690
0.419788 4.182646 0.600290
1.344638 1.747066 4.573402
2.488839 0.873551 1.789811
0.879849 4.229354 1.288768
0.610421 1.494333 0.368022
2.702197 3.128940 2.553274
0.426127 1.502073 4.336832
2.919456 3.030255 2.186576
0.357562 2.759559 0.670255
2.997553 3.187888 2.113784
2.556541 0.964388 1.658175
0.517716 4.107412 2.375624
1.847247 0.628063 4.223692
0.649779 0.827383 0.828724
0.437886 3.675035 3.542404
2.987939 1.104830 1.695047
2.762725 4.378004 4.383561
2.487130 1.199131 3.785927
2.917268 3.234163 2.076195
1.254114 1.736444 4.436446
0.798936 2.717704 1.454318
1.726455 4.123194 4.289097
2.339991 0.807502 3.723784
2.588664 0.641348 3.831876
0.990145 1.369162 1.507338
2.930402 2.831409 2.721379
0.637128 1.311157 3.877480
2.913658 3.267490 1.981980
0.538325 3.129944 4.344094
0.341456 3.878106 3.603230
0.605571 1.920185 4.422918
0.722558 2.286309 2.912811
2.954828 3.297158 1.895813
0.425923 2.817002 0.532761
2.400003 1.745406 3.451307
2.913132 2.812695 3.746515
2.152014 3.994725 4.491161
1.823101 0.555576 4.288212
0.964270 4.279370 1.308046
2.315912 4.322727 4.100105
2.303638 1.718831 3.454056
2.985025 2.834384 3.812552
0.598862 1.864007 4.505374
0.730532 2.207414 0.663194
0.508135 0.863892 0.822028
1.719858 4.144364 4.386607
0.519375 3.878010 1.327080
0.467301 4.270638 0.600378
1.821491 1.260799 4.093080
0.406259 0.479319 1.696845
2.579716 4.209956 3.871606
2.543979 2.489460 2.686440
2.621200 4.288266 3.825274
2.940961 2.852146 3.900546
1.712607 4.220314 4.269706
1.933625 1.305718 4.266694
0.698795 4.134812 0.764324
0.555418 0.494693 2.949118
0.514874 2.743824 1.636527
0.347332 0.495836 1.775931
0.828846 2.861867 2.484067
2.651987 1.199257 2.808330
0.506246 1.706870 2.716681
2.911137 2.947344 3.907472
0.475109 4.269469 0.500690
2.831111 3.010033 2.144312
2.743014 2.548162 3.763330
2.708392 4.306294 3.779749
0.539196 4.065345 0.543967
2.562096 0.972410 1.558652
0.615627 0.624057 2.947696
2.728342 4.203288 4.294273
2.543885 0.668268 3.988953
2.607678 1.677338 4.275618
2.927971 2.809166 3.989899
1.604486 3.614101 4.364120
2.819366 2.485633 3.779469
2.582815 0.917985 1.477358
0.715031 4.043322 2.841419
1.366200 1.655194 4.606486
2.331379 0.799500 3.624477
2.848725 3.252719 2.664025
0.688842 3.185051 4.423417
2.291014 4.043393 4.497227
2.563562 4.268655 3.745944
2.551454 1.064343 1.520772
2.510654 1.147544 1.558361
2.868621 2.999154 3.833255
0.508559 4.348574 0.647535
0.502970 1.797644 1.014804
2.704499 0.762452 3.971388
0.659886 1.869819 4.584383
0.369715 2.399256 1.512776
0.554200 0.775104 4.227106
2.634204 0.906099 1.392400
0.599049 0.507796 3.253978
2.226544 1.670224 3.495211
0.853715 1.898197 1.954259
2.423578 2.742068 3.059870
0.664320 1.434852 3.300493
0.489554 2.567288 1.471068
2.355090 2.713444 3.126879
0.837013 3.914621 4.363092
0.716909 0.488501 3.192356
2.518236 4.193015 3.698782
2.605148 0.854921 1.311551
2.958337 3.323915 1.799523
0.530878 2.472388 3.424732
0.604857 0.408019 3.257255
2.797600 4.344394 3.755452
0.426804 0.467579 1.829649
2.301077 0.704807 3.613760
0.752134 4.107208 2.908812
2.934471 3.351655 1.706459
2.931209 3.319391 1.611863
0.763429 3.979929 4.380986
2.986311 3.286631 1.535113
1.652421 4.299048 4.283068
2.979281 0.832573 3.506130
0.485795 3.916583 1.413013
0.724137 3.400696 4.053207
2.914591 3.407681 1.567946
0.823178 4.206552 3.684764
1.062436 2.036293 4.529029
2.890058 4.336102 3.718268
1.801812 0.458757 4.301355
1.489683 3.601540 4.452591
2.887892 3.436773 1.476072
0.420662 3.789322 2.696787
2.744059 4.396647 4.455606
0.765704 4.061390 4.438942
0.903052 2.596432 3.237668
2.172177 0.911113 4.276366
2.319423 0.776048 3.816453
0.481802 0.706145 4.228892
2.631929 3.167830 2.493692
0.479593 1.324420 2.177532
2.875649 3.521606 1.424560
1.451591 1.656183 4.658517
2.534322 0.789067 1.761635
2.890004 2.293004 3.511556
0.831131 2.376187 0.958072
2.849821 3.325125 2.732991
0.682542 1.485285 3.183714
0.379804 1.445488 4.405040
2.658123 0.771329 1.297204
1.120901 2.090265 4.305405
2.902242 2.762315 2.654798
0.428812 1.757549 2.678791
2.270038 1.810665 3.474976
0.401024 3.865430 1.427058
2.949551 3.569511 1.377194
0.293703 0.827657 1.639442
0.454596 3.162553 4.300207
0.399474 0.821421 1.485124
1.193670 0.417183 4.301590
0.817132 0.977975 0.593975
0.519908 0.568921 3.253411
2.987247 2.720262 2.623086
0.703766 0.609640 2.902712
2.378944 1.006694 3.748673
0.694183 4.068717 4.508448
0.428656 0.624664 4.205731
2.562811 0.855845 1.220960
0.348071 0.586267 4.160656
2.870763 2.796429 4.070924
2.476752 1.240788 1.545862
0.713425 1.288830 2.179616
0.565798 4.416962 0.602293
2.985587 3.609689 1.293008
0.526861 4.203638 2.349994
1.435111 3.820078 4.300668
1.623339 4.376310 4.339502
2.833649 3.449963 1.608698
0.391958 3.193718 4.228756
0.720920 1.571081 0.855248
0.920680 1.153921 1.898820
2.851351 0.991502 2.142162
0.570799 2.932435 2.480468
0.533286 1.441979 0.331838
2.433396 1.324613 1.578930
2.795583 0.725696 3.990168
2.565388 0.952463 1.195305
2.551775 0.807248 1.134262
0.484765 1.781565 0.410896
0.633587 1.821879 4.668109
0.602739 4.012358 0.487801
0.911518 3.378631 3.189252
0.571904 0.436670 2.869359
0.847556 0.954734 0.368116
2.735429 3.435633 1.596557
2.570178 2.395441 2.664664
2.796864 4.434763 3.798264
1.178765 2.068424 4.605282
2.671109 3.461051 1.668785
0.599859 4.035619 4.511173
1.360078 1.948657 4.587083
2.606365 0.568899 3.765260
1.816395 0.565716 4.387470
2.987628 4.331650 3.696815
0.737098 0.381712 0.482958
0.485726 3.126216 4.429061
0.429584 4.408630 0.660031
0.534233 3.861574 1.476748
2.298581 4.251742 4.365327
2.404872 0.853893 3.859912
2.967803 3.707660 1.302244
2.742687 0.738859 1.254839
0.608953 1.840837 2.141776
2.955091 3.230779 1.458264
0.775767 0.910422 4.501708
0.486735 2.879226 2.470367
2.929755 3.770026 1.370529
0.776437 0.271651 4.109473
0.816205 0.921049 4.592547
0.806137 3.107718 1.069331
0.486481 4.393007 2.671854
0.484416 2.054459 4.288680
2.267088 0.613367 3.635750
2.748856 2.960845 2.115772
0.708856 0.332675 0.565406
0.697696 0.228686 4.065271
2.637590 0.480639 3.730114
2.514421 4.233485 3.607417
1.857608 0.590533 4.475138
2.852196 3.792528 1.311552
0.850152 3.311508 0.649418
2.828607 3.877965 1.265248
2.547225 1.488533 3.456893
0.393859 3.620963 3.218928
0.922739 0.904350 3.219555
2.604995 4.214375 3.569586
2.628354 1.000067 1.133912
2.460706 4.201402 3.529408
0.820868 1.077090 3.142951
0.668848 1.735906 4.705060
2.823793 0.737898 1.196351
2.866114 0.863373 2.536242
2.426967 4.223548 3.437914
2.759156 3.931028 1.313837
0.793288 1.074985 0.598507
2.404199 4.126404 3.431234
1.381600 3.832355 4.384250
0.345688 3.787827 1.457320
2.591491 3.252056 2.458045
2.893976 3.913186 1.198268
2.486264 0.997931 1.154413
0.846509 0.232396 4.049898
0.314177 0.208517 0.431453
0.321799 2.325958 1.561060
0.776331 0.846078 4.645362
1.409185 2.030919 4.615746
2.874933 3.955896 1.109875
2.437794 4.322951 3.436611
2.974648 4.401234 3.626178
2.770139 1.251384 2.095783
0.413224 0.775440 4.206638
0.809797 0.357428 0.418731
0.956711 4.354681 1.373400
2.367527 1.326709 1.654143
0.797528 2.036923 2.508665
2.956507 3.983318 1.058946
2.914382 0.705406 1.169189
2.895254 2.989000 2.070533
0.838400 1.204594 1.924556
2.977598 0.765961 1.120848
0.437634 0.575277 3.309896
2.677644 3.916947 1.257645
2.351625 4.041362 3.429279
0.995023 3.348463 2.611379
2.784710 3.017199 3.884572
0.919525 4.348418 1.251212
2.362600 1.346605 4.572948
0.723483 4.241633 2.576627
2.482681 4.372382 3.362168
0.840339 0.948074 1.817982
2.986716 2.620278 2.621346
2.894684 3.152728 1.474355
0.891681 1.069436 0.581536
2.692646 0.985803 1.377174
2.931084 0.612239 1.136923
2.997744 3.924946 0.989001
2.443080 1.139348 1.631618
0.781036 0.411806 3.194718
0.762883 1.656445 3.992696
2.817721 0.776344 2.545408
0.848221 3.518379 2.201745
0.449919 4.341870 0.436474
2.576111 1.160194 3.809725
2.936785 3.093758 1.405434
0.689480 1.342571 2.716388
2.846007 3.073073 1.368945
0.325300 3.747221 1.368239
0.371727 1.413053 4.499288
1.508529 1.664353 4.740318
2.956170 3.875448 0.912703
0.804233 3.457295 2.135913
0.305123 2.393190 3.458569
0.516657 3.983482 4.492218
0.424011 0.859517 0.875917
0.825638 4.296912 3.641998
0.462090 2.640435 0.451189
2.286417 0.532411 3.691180
2.683986 3.543386 1.724058
0.414982 1.248324 2.171637
1.624959 4.445513 4.411671
0.343766 2.603325 0.539572
0.781526 4.367031 3.698012
2.180949 3.900001 4.504947
0.857723 0.757065 3.995429
2.737666 1.441034 4.459860
0.837892 2.545364 3.181576
0.721934 2.333716 1.109958
0.312856 1.338651 4.530890
0.280465 3.780060 1.467640
0.815004 4.448196 3.745881
1.208144 1.777951 4.591516
3.088770 3.966339 0.990010
2.830131 3.010438 1.292624
0.608958 1.347034 2.775518
0.783888 4.309718 2.535205
2.381392 3.947248 3.413262
2.500849 4.383041 3.264411
1.873685 3.831956 4.000545
0.861658 1.884759 2.147988
3.172278 4.021177 0.985641
0.697863 1.048154 0.585308
0.511860 0.411091 0.351211
2.497157 4.444153 3.185344
2.896945 0.955212 1.871759
2.737313 2.573869 3.332166
2.912327 2.986475 1.240957
0.692305 1.564250 4.303004
2.329102 3.947108 3.328023
0.434151 1.777596 1.052521
0.863016 4.364555 2.562254
2.648631 4.012645 1.258041
2.675075 3.486593 1.805881
0.656118 3.442959 4.188376
2.398699 1.396343 1.518507
2.321951 1.309133 4.656275
2.755567 0.943204 1.442184
2.419379 0.838692 1.852742
0.544119 1.938493 4.543518
0.680146 0.860568 4.668567
0.714694 1.857501 4.714506
2.637244 4.098805 1.208577
0.486593 4.353371 1.302485
0.399074 2.068194 4.238399
0.846120 3.278305 0.555178
0.457158 4.388882 2.576339
0.403047 0.165950 0.414418
0.846226 1.586201 3.336624
2.273517 3.864059 3.324384
0.776700 1.135886 0.520945
0.424061 4.085326 2.348406
0.719656 3.096180 4.457365
1.955327 1.248047 4.345453
0.224894 2.306275 1.546159
0.588930 2.898932 2.167557
2.627163 1.069686 1.062136
2.666850 2.935596 2.064414
1.907767 0.520087 4.248559
0.242413 2.385523 3.381052
2.590281 4.119585 1.122771
2.843854 3.419223 2.699675
0.213152 2.275985 1.451584
2.212576 3.830528 4.569549
0.406805 4.474956 2.568864
2.343626 2.788773 3.191641
0.270613 3.898724 3.535731
0.477242 3.893280 4.474607
2.305369 2.760304 3.279538
0.363903 3.098183 4.219483
0.639142 0.316551 1.409929
2.599552 4.197290 1.060515
0.799156 4.180329 2.553926
2.293527 3.797779 4.618276
3.254498 3.975970 0.951055
2.523156 3.259792 2.385447
0.307656 2.619620 3.535441
0.822941 1.161835 1.960469
2.684775 3.626466 1.779710
2.985547 2.964702 1.176422
0.380570 0.888322 1.257233
0.450232 1.936427 4.577884
0.396083 2.127944 4.318530
2.561167 3.997046 1.303941
1.639918 4.096018 4.422276
3.349246 3.992659 0.923773
0.859372 4.458608 2.596028
2.539039 2.300423 2.663283
0.703592 0.292479 1.482502
3.434682 4.038208 0.898756
2.368647 3.750957 4.664804
0.459920 4.334598 2.796236
0.789353 1.660690 1.223500
2.893678 2.912882 2.005697
0.358974 1.769838 2.749301
3.501503 4.106979 0.927140
1.685537 4.240417 4.175562
3.581012 4.087090 0.869845
2.820315 1.009999 1.478873
2.771315 3.020335 1.212357
0.531378 1.716142 4.180859
2.879113 0.527777 1.124071
0.763711 1.533076 0.937252
0.425833 3.929928 4.397057
2.459353 0.772085 1.119369
0.368140 3.432615 3.285986
2.693324 1.697735 4.228198
0.471095 3.980557 3.289888
2.455328 1.448006 1.454288
2.434428 3.675734 4.668582
0.399200 2.892078 0.472350
0.476418 0.658705 3.246518
1.672625 4.528060 4.381441
2.552413 4.405891 3.111298
0.274908 1.258169 4.576525
0.377695 0.499221 3.334853
1.604503 3.518720 4.334081
0.610596 1.558323 0.637601
1.014329 0.722177 4.005181
2.599414 1.090265 0.968293
2.291138 0.461233 3.621099
3.241479 3.944326 0.857092
2.680679 2.839250 2.087356
0.542951 0.341638 3.299221
0.519579 1.879850 2.119635
0.440449 1.373193 2.099500
0.746607 3.935248 2.701691
2.776396 4.348363 4.536987
0.360146 2.061947 4.146499
0.673481 4.091142 2.374784
0.490098 2.901060 2.152470
0.790009 3.037875 4.416732
3.466069 4.181580 0.870757
0.459123 3.442343 3.186622
0.434422 4.418418 2.844444
0.636380 0.390417 2.808502
0.740656 1.203633 2.224336
0.952928 4.446820 1.412080
0.528681 1.855725 1.092042
0.912000 4.445871 1.503316
2.784806 3.117020 3.878597
0.566018 4.255212 0.596261
0.448296 2.303682 3.538333
0.570964 2.855546 2.255845
0.676656 0.616127 0.426153
2.879164 1.252933 2.540165
2.954601 1.290338 1.869793
0.885696 0.894893 0.466977
2.704428 3.176511 3.879030
3.659957 4.062875 0.813442
2.534629 4.512000 3.186072
0.976846 1.260209 3.375948
2.890190 2.811979 4.167778
2.739228 3.023625 1.117702
2.646277 2.535019 3.784992
0.315809 0.532941 1.863279
0.537086 1.811273 2.070298
2.195628 1.576359 3.479924
2.719826 1.082907 2.794181
0.755859 1.996214 2.063398
2.259040 1.822570 3.376298
2.729533 1.750914 4.304754
2.909455 2.871124 4.246078
2.545015 4.210597 0.977759
2.472512 1.545020 1.437169
0.797497 2.953620 4.470070
3.749569 4.022833 0.832579
0.593394 3.176314 4.304837
0.393085 2.908370 2.129337
2.653363 3.067777 1.091668
0.731432 4.501170 3.760355
0.326404 3.822438 2.701116
0.280777 0.472812 1.935093
2.462300 3.654706 4.574875
2.562260 1.243183 2.803918
2.545304 3.156812 2.542424
0.602157 1.745736 2.031949
2.825529 0.630641 3.998397
0.509717 3.356090 3.187423
3.653894 4.095721 0.719185
2.485832 4.362579 3.050543
2.380416 3.881702 3.488779
0.752610 3.256624 4.451895
2.611597 4.325315 3.109092
2.615680 1.156200 0.894890
0.468300 1.605367 4.158677
0.558358 1.809332 0.349145
1.643333 3.693312 4.411200
0.284278 3.433557 3.231523
2.602044 1.255207 0.898305
2.605083 2.769730 3.112426
2.805015 3.349807 2.818916
3.835299 3.977548 0.857067
2.437485 2.841041 3.063173
0.922933 0.269706 4.367687
0.774983 3.288516 0.485641
0.384894 3.602320 3.586043
2.685933 3.074251 0.997343
0.468566 3.172204 4.516186
0.809855 0.352418 3.269834
0.727895 4.132094 2.301558
3.898628 3.904766 0.883379
0.428433 0.677725 0.524978
2.947953 3.578789 1.205665
2.619037 4.288734 1.095988
3.501874 4.274193 0.882627
2.935224 3.833907 1.447271
0.781926 4.558890 3.824532
1.928512 4.086986 4.342939
0.853472 4.304309 2.531818
2.520652 4.305325 1.089259
0.401320 3.165963 4.589935
0.407359 3.667648 0.995105
3.894959 4.050199 0.891162
2.494157 4.294542 3.374779
2.573967 4.263033 0.897683
0.368452 0.674978 0.247900
2.571641 4.348037 0.845063
2.270140 3.986160 3.257324
0.242049 0.542013 1.996014
2.781596 1.820302 4.354502
1.882748 3.732912 4.010942
0.842369 2.923943 4.554366
3.959856 3.831631 0.853339
2.526395 0.692461 1.786222
2.963456 2.867990 1.163814
2.919953 0.603580 4.017156
2.596966 2.517905 3.870289
2.961955 2.806316 1.085112
2.603344 1.105119 0.809811
0.481289 0.272546 3.336959
2.995737 0.570548 4.073420
0.844942 2.437628 2.517473
1.259135 0.354639 4.259133
1.722405 3.645672 4.449646
0.819105 1.017096 4.369997
1.060572 3.803398 4.126686
2.420447 0.948048 1.210804
2.597549 1.157315 0.724711
0.505751 1.329060 2.273939
0.356116 4.478639 2.859991
0.427806 3.244301 4.646164
0.270704 2.592201 0.606938
3.436468 4.291048 0.808885
2.933742 2.780665 0.992667
0.489954 1.448520 3.147013
0.718909 4.151793 4.558316
0.781774 3.534585 2.076568
0.981497 0.357203 4.114699
2.463815 4.382737 1.117132
2.881039 2.903072 4.336476
3.968226 4.112972 0.864867
2.570344 1.088835 0.657106
2.534153 1.504685 4.244267
0.407806 1.400789 2.009096
0.651071 4.441558 0.556213
4.002693 3.741413 0.858399
0.798163 3.478017 2.278328
0.291114 2.657285 1.621603
0.397170 1.429520 1.913904
1.601767 1.680911 4.772451
0.695136 1.666520 3.919834
0.525607 0.468205 1.845066
4.048109 4.130873 0.807437
2.803426 2.885854 4.397139
2.496948 3.356024 2.378192
1.747136 0.398190 4.359166
4.014206 4.116936 0.953580
4.025098 4.135422 1.051251
2.507577 1.623200 1.385611
2.725371 2.946996 4.410142
2.662421 1.309844 4.131896
2.472398 3.954933 1.285327
2.191890 1.712249 3.579074
2.800202 2.990840 2.051630
0.716498 2.215936 0.564551
2.663066 3.126401 0.915139
2.719257 3.038308 4.369834
3.396006 4.340399 0.731896
2.958140 0.471834 1.099067
2.603832 4.584186 3.186539
4.114023 4.181049 1.048019
4.074767 4.097161 0.717143
0.815435 0.799333 3.810711
0.321638 0.807576 4.230706
0.700883 3.456347 2.270135
0.848399 4.098181 4.481462
0.314130 3.383582 3.354386
2.490333 0.632557 1.857713
2.535979 1.155033 0.590496
1.795406 3.597849 4.498470
0.557298 1.512209 0.699493
2.587770 4.653280 3.257023
1.640284 1.763211 4.814203
0.254597 2.300233 3.330287
2.522365 2.250242 2.578407
0.431748 3.322395 4.708501
0.264686 3.782066 2.633581
2.975133 2.891364 4.368244
0.735522 1.071648 0.456308
4.177808 4.111799 1.081723
0.446914 2.208383 3.508066
2.740911 1.077395 3.230592
0.737595 3.805826 0.775275
0.842144 4.578349 3.901961
0.757001 1.105099 2.229237
0.595576 4.135512 4.509440
0.828296 3.275325 0.402073
4.210974 4.121775 1.175534
2.251839 1.894101 3.306790
0.551266 1.791564 4.716112
2.865680 0.948512 4.621029
1.626521 4.615930 4.393824
0.906819 4.073133 4.558661
0.836315 0.264808 3.310138
2.489702 4.449242 1.187182
0.387894 4.346014 1.288185
2.571349 3.043507 1.143481
2.831393 1.043782 3.080316
0.717253 1.634640 0.506378
1.298091 0.980828 4.262249
2.286589 2.665038 3.303448
0.372400 2.217719 3.574100
0.472613 0.119506 0.469224
2.581813 2.528335 3.730402
4.275624 4.190438 1.208787
2.515793 2.238682 2.479295
4.298036 4.221558 1.301141
4.324884 4.142446 1.356099
3.009478 2.727380 0.954921
4.074832 3.673129 0.846849
2.564303 4.508823 1.157437
0.923255 4.532400 1.369706
2.112777 3.831193 4.575846
0.637622 3.978778 3.317701
2.368057 4.354511 1.122930
0.748253 1.192035 0.905133
0.780013 3.251836 4.547948
0.884384 4.360013 3.591331
4.352476 4.286730 1.353951
1.265334 3.504488 4.203846
2.740877 3.085418 4.455351
0.672871 2.597729 1.368344
2.559726 4.569929 1.236463
0.705173 4.570283 3.693021
4.379745 4.324399 1.442480
0.267879 0.240853 0.513981
0.789748 3.287356 0.584099
2.292769 3.813823 3.240090
2.603056 1.339177 0.844011
3.384539 3.945133 0.846240
0.701478 3.541347 2.017349
2.644831 1.402887 0.779235
2.806143 0.879352 4.661922
0.364566 3.976382 4.333117
2.376111 0.804932 3.535205
0.685513 3.148939 4.194007
1.649258 3.429325 4.336456
0.414090 1.791243 0.340815
2.713908 1.421878 0.709466
0.384211 2.435377 1.374925
2.286487 0.978200 3.773967
0.309936 3.685504 0.981325
2.838133 3.181818 3.932981
2.516765 4.265709 3.773664
1.791712 3.521066 4.562428
2.811839 1.418444 0.689524
3.093501 2.706224 0.904996
0.696422 2.189885 2.908422
4.385075 4.391786 1.516173
2.445592 1.113185 0.581609
2.799460 0.684205 2.579715
4.395188 4.349068 1.288455
2.281991 2.855626 3.298699
2.875103 3.516573 1.234336
2.445964 1.113250 0.481610
2.285734 4.409417 4.060430
2.439183 0.677857 1.092642
0.535892 1.702174 2.621292
2.342769 1.400437 1.717002
0.332107 2.833158 2.154336
2.958168 1.389589 1.881476
0.385930 4.133900 2.427061
2.220575 4.304612 4.331863
2.532268 2.954928 1.118452
2.906093 2.583275 2.575187
2.523450 4.339435 2.960826
0.864353 3.398765 4.176877
0.962393 0.866088 0.663651
2.352516 1.087612 0.607742
2.214372 0.822046 4.259437
0.782831 3.150004 4.216988
4.115065 3.600208 0.902201
0.830216 0.848742 1.823530
0.704946 0.168632 3.985640
2.934800 0.488207 1.003217
2.652849 1.438657 4.507994
2.459218 2.260222 2.708145
1.894436 1.312348 4.391904
4.370630 4.473199 1.572415
2.676024 0.934515 1.395050
2.691007 1.498822 0.649841
0.243554 3.684671 2.641803
2.777464 0.841595 4.686305
0.179572 2.365398 1.421960
0.711874 0.193567 1.470345
2.768354 0.742360 4.694642
4.145741 3.546529 0.980797
0.694281 0.267932 4.268247
0.898862 2.926680 0.742231
1.289400 0.948661 4.145317
3.176964 2.684680 0.854303
2.772892 1.006771 3.008150
2.765562 4.018143 1.362520
1.903621 4.163997 4.289841
4.052361 3.662920 0.749943
2.677255 0.701979 4.686254
0.305957 3.549041 3.616544
3.030074 0.480636 0.973796
3.260525 2.638065 0.825242
2.862737 1.332935 0.679646
2.935104 1.349823 0.612729
0.364054 1.709621 1.074104
0.480315 0.444931 2.830076
2.824127 0.596815 2.537829
0.426085 2.154572 4.195862
0.733122 1.797548 1.246480
0.645022 2.325538 2.863321
2.812199 2.254234 3.560986
0.524768 0.649519 2.980807
0.520642 2.834496 2.553129
0.453120 2.654962 1.348417
0.770562 0.165482 1.546285
2.404379 0.605758 1.814196
0.350416 4.434319 2.596787
0.894388 4.183777 4.457830
2.420516 1.024458 0.443291
0.345365 2.171999 4.392603
0.934242 0.939255 4.430016
2.541560 4.408877 0.771621
0.744687 2.061708 1.073042
4.395995 4.463078 1.668614
2.927160 1.378871 0.740798
0.530064 1.210135 0.996619
0.574180 4.231735 4.526269
0.589857 4.183951 2.819383
0.589478 1.136147 3.221753
0.689367 4.469853 0.468276
3.207783 3.928474 0.764284
2.961606 0.595861 1.230732
0.287623 0.593178 4.081295
3.364422 4.407394 0.664709
0.758526 3.540371 3.015070
0.283713 4.035223 4.333854
0.189016 2.534834 0.612947
3.439545 4.473366 0.666767
0.480949 4.330270 0.342120
2.850820 2.728848 0.971712
2.493259 4.356816 0.701217
2.776844 0.543376 3.994579
2.597553 1.665430 1.396611
0.260441 4.121719 4.378316
2.749880 1.555647 0.592353
0.318685 2.961351 2.088623
0.209100 3.976557 4.302371
0.337013 2.949564 0.419169
3.330915 2.574826 0.857588
0.630434 1.560480 3.088441
4.162757 3.448026 0.978018
2.539878 4.349677 2.862718
0.441366 4.417865 0.314548
2.647268 3.171286 0.827185
3.033733 1.359997 0.599737
3.029768 1.398069 0.507353
2.640185 0.622353 4.734062
2.355765 1.361744 1.435083
0.308374 0.558897 4.248263
2.324642 1.496799 1.736642
0.266235 2.195752 1.424290
2.473804 4.414970 0.622226
2.483704 2.162018 2.423682
4.239664 4.149695 1.012892
2.721124 3.712934 1.814380
0.530147 2.154159 3.519560
0.918566 1.551433 3.944272
1.288927 3.415362 4.165116
4.328888 4.104575 1.014659
2.503264 2.188824 2.762572
4.403863 4.400026 1.745832
4.375543 4.341698 1.821962
0.213647 0.524913 2.090358
0.281042 0.489075 4.314429
3.129345 1.406866 0.504705
0.206828 2.216224 3.304585
0.294581 2.132349 4.119209
2.409638 0.588275 1.059443
0.669546 4.099838 2.227026
4.414888 4.417812 1.218554
0.804044 0.798916 1.139815
1.704468 3.347799 4.353931
0.506011 4.278491 4.469994
3.407996 2.514826 0.879000
2.360228 4.385321 3.446282
2.926767 1.823462 3.371491
4.081054 3.398282 0.948863
2.578311 4.647602 1.296641
0.953018 1.492239 4.060851
0.679782 4.309710 1.337556
3.482653 4.490117 0.578104
3.515034 4.567470 0.523625
4.408834 4.054897 0.980883
2.490880 4.692863 1.314173
2.953380 0.381823 1.142373
0.251384 2.777164 2.173001
0.892968 3.119889 0.969743
4.227550 3.384180 0.936477
3.487782 2.457950 0.898984
0.254790 0.423232 4.384966
0.302755 2.259754 4.414590
2.281218 2.662724 3.082490
0.961580 0.257833 4.459149
2.877742 0.344613 1.088574
0.385806 2.275559 1.503068
2.622602 1.566813 0.676260
2.387650 1.343140 4.723559
2.626845 4.628643 1.381993
2.967482 4.082707 1.060090
2.464636 4.512085 0.600212
2.785331 1.828313 3.650339
2.444766 4.761702 1.370161
0.341733 4.386499 1.209254
0.475270 2.861928 0.424961
0.965926 0.697790 4.275409
2.416977 1.203853 0.450776
3.219863 1.370063 0.483447
2.497690 1.309783 2.766565
0.956350 2.199241 1.299096
0.474358 0.887682 1.483741
0.691276 2.618696 3.465468
2.350309 1.544439 1.820736
2.589336 2.844969 3.176387
2.419055 1.254254 0.364431
0.296736 4.024514 4.235286
2.387176 3.939041 1.335174
2.503723 1.397039 2.718089
2.536038 4.353885 2.762880
4.436532 4.284304 1.876608
0.478425 4.372077 4.448070
0.540830 4.056206 0.422651
0.617830 0.435877 2.721385
4.038082 4.055012 0.634211
2.653534 4.476349 1.188793
2.782071 1.635051 0.540790
1.216672 3.598448 4.118591
2.222594 1.299518 4.662251
0.296088 4.474685 1.197432
0.451537 0.254429 1.618503
2.996097 0.399013 1.209046
0.468457 0.187449 1.690804
0.450892 3.303715 3.125807
2.518894 1.006764 0.446236
2.513139 4.509688 0.512795
2.934269 1.262735 2.783639
2.327000 4.478979 4.119237
2.367556 4.512656 0.576227
4.242362 3.319234 0.861895
0.829592 1.050020 2.188045
0.497811 1.701402 0.459681
2.926671 0.872560 1.823956
2.447766 2.099687 2.354231
3.239305 2.583210 0.744368
0.667483 3.952650 0.440438
2.381406 4.761233 1.447526
0.356208 4.370899 0.291259
2.894197 4.236195 3.717007
3.573388 4.648620 0.520545
0.645272 1.538137 0.285157
4.424778 4.066857 0.882889
2.568987 4.274636 2.711557
1.667986 3.255892 4.368834
0.234688 0.393860 4.478417
0.766618 0.307851 4.016774
1.808392 0.653128 4.535632
4.470832 4.218724 1.943859
3.108874 0.457428 0.916771
3.318353 1.386310 0.477458
0.213707 0.338600 4.351059
1.723178 1.817485 4.800676
0.320334 2.988518 0.328591
2.393300 1.318592 0.292339
4.326532 3.304343 0.809994
0.809189 1.382453 2.391014
4.266921 3.327073 1.008510
0.711149 0.461651 2.696340
2.463845 3.226124 2.312313
1.175137 2.171682 4.326135
3.208025 0.444796 0.913684
1.766523 1.820979 4.710627
0.902640 0.666730 0.733912
2.461791 1.338977 3.761535
0.813062 3.339196 3.081437
2.421339 1.281872 4.621523
3.578516 2.422105 0.877021
0.279674 4.538961 1.122604
0.986385 2.082281 4.483188
2.669974 0.798800 4.057915
1.842349 1.874327 4.673151
2.685499 0.419091 3.667532
3.410156 1.351074 0.495642
2.699532 0.569483 4.794746
0.241515 1.405071 4.508555
3.091527 0.406401 0.832537
4.493706 4.087884 0.813558
2.611434 3.248579 0.774824
4.359382 3.221775 0.764131
0.501302 0.382305 0.406821
1.770537 1.942471 4.659031
0.465049 4.461366 4.405075
0.783523 1.352528 3.777547
3.660697 4.694010 0.502745
3.640638 2.396157 0.950964
2.202855 3.752557 4.507695
3.297897 0.429212 0.954674
0.876974 4.515444 3.705416
2.680811 0.482431 4.749233
4.105825 3.599687 1.055503
0.730570 0.841687 1.818966
0.997712 0.317034 4.024569
4.338933 4.535897 1.501252
3.498754 1.328131 0.455343
2.631879 3.200047 0.689815
2.793555 3.243570 3.997784
2.472465 3.402455 2.293076
2.699516 3.196875 0.616226
2.238529 0.817509 3.592005
0.875321 0.419197 3.162227
0.924540 2.902824 4.501433
0.659706 0.319614 4.346564
3.733871 2.432294 0.949667
0.912253 0.157149 4.045969
0.620930 2.145803 3.560654
4.530089 4.162003 0.757142
4.499903 4.136526 1.992833
0.208545 0.402231 4.574576
2.512138 1.171827 1.461365
2.288724 1.613154 1.859278
2.299340 0.843660 3.887342
0.471564 4.474590 2.918371
1.291317 1.031459 4.348217
2.318567 4.545692 4.193252
2.817343 1.896059 4.409118
2.562835 1.031091 0.359764
2.299017 4.475036 0.513880
4.516955 4.038007 1.991042
2.725953 3.812438 1.823084
2.248599 1.085274 3.883230
0.413955 2.580286 3.221463
2.757868 1.760014 3.582656
2.321643 1.882180 3.236183
0.367134 1.424139 1.818674
2.198270 1.238663 4.737783
4.433711 4.552931 1.691059
3.537958 1.414870 0.485991
0.492934 0.851480 0.947924
0.739144 1.309030 3.123535
0.219542 3.696099 2.545404
0.869020 4.613637 1.391134
2.305788 1.334475 0.246628
3.567012 2.383735 0.785394
2.168583 1.518093 3.556563
2.539400 1.617307 0.653285
3.384385 0.460577 0.993866
0.352331 4.350740 0.193388
3.637335 1.410055 0.475940
3.732575 1.429840 0.499134
3.829855 2.420590 0.975165
0.367035 3.753877 1.405923
4.459344 4.286160 2.016800
3.253074 2.623170 0.653739
2.462398 3.851561 3.537466
0.133769 0.403011 4.640968
2.855105 1.677345 0.594430
0.367431 1.255297 4.614357
3.800965 1.487155 0.544275
2.328168 1.688393 1.912034
1.720218 1.710584 4.786761
4.399352 3.269678 0.685979
4.444567 4.120183 2.074508
0.782212 1.634513 1.262313
2.661221 4.291865 2.676972
2.964496 3.782021 0.878031
2.362414 0.561437 1.893408
3.300380 1.455442 0.407474
1.015435 2.864314 4.485460
1.746848 0.320382 4.296350
2.633602 1.087763 0.317569
0.369567 1.934661 4.518807
0.252832 0.046009 0.085511
2.847404 1.326139 3.418516
2.901399 0.532914 0.920238
0.268984 0.817169 4.162832
0.393621 1.235193 4.708750
2.729583 3.217517 0.860152
2.635756 1.466420 4.602530
3.554311 2.286816 0.764291
4.474185 4.097938 2.167395
2.205942 1.338356 0.242670
3.444478 4.549010 0.455207
2.325676 3.811020 3.145700
0.628326 2.207335 0.518165
0.255212 0.252526 0.612486
0.732991 4.633467 3.620675
2.193653 1.271843 0.169015
0.914591 1.530732 2.012740
1.912380 0.517012 4.515072
0.374229 1.583277 4.310141
4.543888 3.950964 2.032251
2.574022 3.473645 1.648402
2.845345 1.102232 1.449433
3.771316 1.340289 0.521036
0.464044 0.158127 1.786306
0.561365 4.339324 0.283373
2.773497 2.683209 0.927688
0.328325 3.771454 2.557178
3.364090 4.524486 0.401018
3.460494 0.431623 0.935823
0.787223 0.849377 0.477849
0.641004 3.959345 4.561068
0.380944 0.103961 1.773637
2.911951 1.899043 4.441374
0.907141 1.276432 1.274268
0.756209 4.612871 3.526002
4.457111 3.334488 0.636346
2.554855 4.453010 0.441750
0.458796 1.404206 0.276843
3.898177 1.471138 0.527150
4.465045 4.494468 1.178453
0.473677 3.830472 3.588853
1.952033 0.425921 4.526477
2.529789 2.446683 3.705373
3.529272 1.478880 0.542688
0.607913 4.558914 3.713302
2.732795 3.880768 1.750391
2.746525 4.519093 3.779433
1.697465 4.650428 4.455280
3.963412 1.411467 0.573881
0.343825 4.603905 1.081776
4.545069 3.972280 2.116837
0.867739 1.650015 3.410549
3.075591 0.469587 0.756685
0.542335 0.769630 4.127963
2.487936 2.356582 3.716784
1.917314 1.928472 4.635091
0.755075 2.147747 0.502406
2.519752 1.715342 0.651550
4.497860 3.345183 0.545654
2.963295 0.927663 4.627086
0.785532 0.351547 3.366827
1.674676 3.186588 4.440613
0.453761 3.979892 4.288040
0.748209 0.285958 0.644583
0.600664 3.787722 1.488274
4.491228 4.614419 1.745014
2.112617 1.306440 0.259153
4.055346 1.376530 0.555785
2.358512 0.641053 1.953791
4.567413 3.895024 2.176269
0.405579 4.539906 4.387906
2.732096 2.652290 1.013304
0.313571 1.488062 1.763494
0.547249 2.610591 1.197486
0.420214 4.578070 4.479171
4.553166 3.876596 2.273519
2.806395 2.731590 0.846590
0.529579 4.599429 3.760442
2.441294 4.384260 2.752834
2.522170 1.808877 0.686840
2.613856 4.574855 1.101007
4.086512 1.333276 0.640389
2.612862 4.378585 0.875594
2.452770 3.714509 4.750696
0.351062 0.896504 1.683829
3.536004 1.551746 0.474532
1.237112 0.498526 4.340271
0.823925 3.837982 4.425982
1.787601 0.626138 4.629650
2.414856 0.537594 1.145490
2.692571 3.082896 4.542874
2.499758 1.848773 0.597924
2.723882 1.651923 0.461232
2.575217 2.932055 2.024529
0.402091 2.897899 2.520235
0.905353 2.741973 2.741776
1.851641 3.468087 4.622442
2.397001 3.804147 3.075947
3.364395 3.861307 0.896909
2.648116 1.698783 1.476178
4.537171 4.218986 0.675272
3.998289 4.215632 0.789164
2.529553 3.272621 0.826953
0.914166 0.572496 0.765329
4.479789 3.810884 2.290773
4.536113 4.021406 0.752058
3.529484 0.416467 0.865036
4.583699 4.285465 0.616828
3.310288 2.624535 0.571735
1.995704 0.347886 4.481718
2.784938 3.704846 1.890945
0.826954 0.703401 1.158579
3.001608 0.420889 0.710262
1.629875 4.702223 4.343402
2.847736 0.526407 2.470856
4.305405 3.288307 1.092272
0.774478 1.515839 2.668692
0.558004 3.380624 3.151390
2.858450 2.550217 3.120090
0.383001 3.079652 4.636997
0.325096 4.570988 2.837421
0.598170 0.610135 3.092021
2.869976 2.725808 2.860405
4.506837 3.783199 2.382979
4.054898 3.638543 0.652992
0.830113 0.519154 4.168986
2.761330 4.491511 4.429099
0.186659 0.244704 4.372314
2.452868 1.872817 0.512935
0.791770 4.370875 2.456480
4.074292 4.015157 0.549948
0.750214 4.107563 3.588148
0.263263 2.504568 3.596720
2.627658 2.916686 3.118180
4.529391 3.712295 2.449792
4.499933 4.065674 1.020691
4.138923 1.278699 0.705767
2.642013 0.462914 4.659156
2.513740 2.923081 1.946171
2.681702 1.369340 4.499045
1.240784 0.517696 4.438348
0.754486 0.646657 3.360617
2.412030 1.204425 4.558951
4.466508 4.323786 2.109174
4.547460 3.624518 2.405422
1.803213 3.506551 4.701025
2.799084 3.200621 0.624722
2.447896 3.756123 3.004509
4.569275 3.581934 2.493233
2.878037 1.960780 4.512356
4.404449 3.275877 1.098254
2.879800 0.795574 1.213666
2.711475 1.069084 0.257679
0.809045 0.299911 0.336931
2.366547 4.558854 0.661807
4.592154 4.089684 0.990379
2.631568 0.395568 4.754714
0.617560 3.735371 0.841597
1.952747 2.018559 4.660168
2.386585 1.227278 0.252132
3.879583 2.343952 0.934499
0.855987 4.302486 2.640345
0.849914 2.651223 1.508922
4.582934 3.873098 1.983137
2.401914 3.965690 1.360251
0.886413 3.387623 0.703192
0.799091 1.661857 0.455764
1.709626 3.501682 4.735921
0.567444 4.501387 2.908934
3.942699 4.084637 0.629269
4.148897 1.225063 0.789575
2.555816 0.796565 1.034916
0.380059 3.958675 3.254766
2.737142 3.138906 0.597098
4.536028 3.760043 2.537405
0.909330 1.375633 3.949122
1.770011 4.694097 4.508478
0.327386 3.073276 0.275995
2.374245 4.643852 0.713923
2.175686 1.756629 3.663201
0.405218 1.335334 0.227995
4.547025 3.735226 2.633650
1.366799 1.021529 4.413055
0.381870 1.814922 0.975882
3.598000 0.419504 0.937812
2.771961 4.574322 3.858823
2.499641 3.763361 3.508592
4.611980 3.729405 2.709458
0.568343 2.884943 0.396541
4.240189 1.264271 0.800914
0.558198 0.742916 2.993433
2.510169 1.775416 3.496032
0.957326 4.241274 4.510108
3.245377 4.008243 0.717127
4.649386 4.341351 0.667445
0.806781 2.648819 1.599109
0.546789 2.320397 3.542790
0.771155 0.533224 2.660612
4.027404 3.584273 0.872015
0.386887 3.141355 4.430356
2.025139 2.085145 4.642123
0.554107 2.879901 2.491040
0.856605 4.465974 1.584108
0.370736 0.759324 0.521432
3.543727 2.199152 0.811227
1.441278 3.562470 4.440624
0.342343 3.757868 3.493717
2.294049 4.808058 1.434254
2.369193 4.439284 2.710717
0.422836 1.607623 4.322790
0.563040 0.845829 1.503335
4.620577 3.732005 2.809054
0.295796 4.271607 0.216665
4.022405 3.330054 0.905213
0.453477 3.798651 4.452687
0.862259 1.996080 1.935659
2.438456 3.413854 2.199730
0.518341 1.759253 2.758727
0.714915 1.241985 1.678571
4.506403 4.402386 2.156401
0.654612 0.878891 1.526169
1.646551 3.143229 4.526222
4.527582 3.421747 0.488604
4.304103 1.187371 0.802080
0.761353 3.709601 0.761996
2.700832 4.383632 2.680103
0.701642 1.453364 0.367449
3.955498 2.345875 0.869435
0.867492 2.904922 1.466390
0.210654 3.913486 3.614388
4.075008 4.077111 0.471454
4.272640 1.324344 0.873977
4.421067 3.830613 2.402864
2.795110 0.470250 2.534707
2.593524 4.740913 3.304848
2.697683 4.455228 2.610359
4.456561 3.590218 2.381739
2.404776 3.146778 2.326978
2.920690 0.590594 2.447239
0.348025 4.397404 1.364144
4.313617 4.407995 1.864032
4.250315 4.485027 1.871713
2.494212 3.752936 4.833194
0.239718 0.646838 1.420869
2.938553 2.830364 2.040003
0.557166 1.350146 3.831808
0.737650 4.490693 0.383220
2.708657 3.178656 4.438964
2.402868 1.953250 0.480833
4.515963 3.835876 1.918877
2.970979 1.983976 4.541056
0.437475 1.204471 1.033971
4.601499 3.665178 2.880959
4.352383 3.900833 2.421613
3.616758 4.095177 0.626338
0.303871 3.479522 3.688396
0.826978 4.172702 2.919251
3.531209 1.328036 0.360757
0.250544 4.438298 2.593646
2.694779 0.658312 1.219955
0.303810 2.174728 1.334034
0.615149 0.965444 1.495328
2.755769 4.210940 4.390134
2.763002 4.495909 2.546496
2.356522 2.033804 0.443913
0.299996 0.804513 4.328288
0.218981 4.081970 4.209733
2.726773 3.021751 4.614229
2.406368 1.860385 3.187741
4.607450 3.721905 2.963097
4.553906 4.592115 1.670355
2.910413 4.168668 3.788959
0.462200 0.203488 3.267199
2.665368 4.149236 3.523632
2.691610 2.953641 4.678452
2.466708 3.244840 0.754298
0.689188 3.901158 4.626585
2.215698 4.227664 4.344856
2.883489 0.980734 3.533506
3.265160 2.622539 0.482519
4.354613 1.127734 0.864467
4.603061 3.568228 2.905416
2.477535 3.471416 1.622226
2.725765 1.085273 1.056247
0.797929 4.646366 3.960430
2.400712 1.295489 2.786335
4.506666 3.486812 0.415604
0.542745 1.907960 2.084157
0.530644 2.327485 3.641223
0.345090 4.049094 4.151276
0.418004 0.371408 2.803399
4.562254 4.475849 1.164178
2.954897 0.804866 1.755979
4.257151 1.343563 0.970882
4.415417 4.576904 1.151224
4.617620 3.472583 2.930717
4.267049 1.334704 1.069996
0.836708 2.289699 0.665568
1.338325 1.066148 4.497898
3.573136 4.076899 0.538230
2.476762 3.443677 2.421888
4.295239 1.305858 1.161502
0.547063 2.487646 1.452364
0.952189 4.324932 4.564650
4.681349 4.432229 0.694267
0.515379 0.830398 2.970772
4.634213 3.446040 3.025691
0.261313 0.507389 4.037158
4.506201 3.526473 0.323807
0.714393 1.798416 0.974382
4.644981 3.381132 2.900916
2.306331 3.924790 1.278069
3.339967 3.775640 0.851474
4.630980 3.379697 3.100445
0.689929 3.987182 0.349313
2.896197 1.766032 0.573309
2.468885 0.512413 1.225782
4.615623 3.306114 3.166397
0.961289 4.042351 4.636671
2.288274 1.986913 3.314432
4.597007 3.772472 3.048735
2.398622 1.226141 0.152865
1.035758 3.714892 4.087305
0.311553 1.844086 2.701989
4.487224 3.220846 1.087312
4.434189 1.070181 0.883314
0.340242 4.163829 0.657895
0.350336 3.048312 4.433019
1.714142 3.094297 4.581333
0.755708 4.582379 3.430766
0.857826 2.296894 3.426993
4.636265 4.012980 2.122017
0.217917 0.868022 1.588187
2.663928 4.270058 2.579417
2.569420 0.579551 1.888300
0.416231 4.513835 0.301979
2.782191 1.110751 0.200555
2.063337 3.949630 4.481017
4.552995 4.220242 1.886878
0.438568 4.592113 0.360061
2.710844 3.094000 0.511706
2.423260 1.917080 0.389861
2.874118 3.293840 2.576479
2.766224 1.696948 0.382620
2.551200 2.090829 2.443085
0.493442 4.346177 4.352656
4.568879 3.218101 3.174687
2.318710 0.508993 1.966481
0.877548 2.135668 2.454821
2.204528 0.782295 3.504804
2.787756 2.787167 4.401038
4.556967 3.947207 0.702932
2.671993 1.501288 3.820570
4.564429 3.118917 3.186630
2.507459 4.590703 0.454450
1.324359 0.288202 4.222637
4.424902 4.575868 1.469444
3.218640 2.680761 0.736831
3.379031 4.588675 0.325808
0.267995 1.776603 2.642418
0.284969 2.497447 1.088752
2.285067 4.345915 3.499177
0.554277 4.527361 3.635023
2.262204 1.762320 1.925580
0.992743 2.816895 4.400393
4.493412 4.434319 2.250271
4.497194 3.123996 1.064492
1.782066 3.025431 4.555960
3.230366 2.767945 0.857459
0.414133 0.746659 0.195221
0.418173 0.416390 0.316647
0.239336 4.469360 2.688036
2.473859 4.588499 0.360289
1.787540 4.617490 4.570318
2.913070 1.850401 0.624272
3.447694 0.388285 0.906168
0.266442 3.587857 2.651965
0.961849 3.162258 0.895704
2.134570 4.352834 4.348531
4.579278 3.927067 2.219740
0.310894 4.673376 1.145724
2.593533 4.240427 2.514868
0.851077 3.991419 4.427737
1.844221 4.757985 4.528757
4.586255 3.787241 1.866976
4.018123 2.341251 0.791610
0.460505 4.026801 4.562719
1.733827 3.204830 4.313539
1.229180 1.001674 4.085625
4.668689 3.819622 2.811967
2.536227 1.001364 0.691527
0.498741 4.059315 4.247189
3.589776 0.423409 0.785559
2.139633 1.165612 4.772787
2.704876 0.586082 3.765837
2.068785 1.520356 3.562506
1.537042 3.889967 4.212144
1.290514 0.208582 4.172485
2.692754 4.174341 2.582130
3.096063 0.506447 0.666008
4.102743 2.343760 0.844839
0.551828 1.311499 3.739733
0.426673 1.845704 2.133863
2.555696 1.138743 1.073254
3.979680 3.240685 0.918911
2.079506 2.116388 4.564225
4.558743 3.862492 3.069526
2.707276 3.355967 2.798690
0.204133 0.890713 4.182468
0.750075 2.406687 2.510933
1.557103 4.113154 4.475643
0.526178 3.466599 3.130229
1.017190 3.971617 4.593407
0.187308 0.965684 4.246470
0.723563 0.931519 1.039407
2.444622 1.402762 2.637625
3.653886 0.390978 0.716002
2.693134 0.792696 4.155004
3.164749 0.554032 0.611073
2.862754 1.912986 4.598855
0.248831 0.187279 4.425578
4.530439 3.058942 1.132775
2.827144 0.815213 1.285937
4.415071 4.091583 2.238785
2.733324 0.915495 3.018300
2.387655 3.220575 0.698068
0.805903 4.604503 1.314110
0.318948 1.959052 4.601528
3.666011 0.349423 0.625857
4.637587 3.331361 3.260632
0.318695 4.366533 1.114014
2.323906 0.498979 1.130099
2.368002 3.708724 3.083263
3.323228 4.439036 0.368946
0.672179 0.760921 4.671215
4.170886 2.390210 0.788280
4.570688 3.025296 3.152046
0.832931 0.174421 3.352784
2.459892 1.855188 0.749902
2.656010 1.065918 0.610888
0.363811 1.183484 2.228004
0.546901 3.272119 3.226999
0.902909 0.189472 4.448613
0.736449 2.506448 0.877977
2.473036 4.318804 1.129087
0.497132 4.081398 0.336303
2.522463 3.666007 3.509765
0.553933 2.310901 2.824738
2.743730 0.499004 3.682465
4.612204 3.008834 1.104424
0.909530 1.474260 2.881156
2.323322 4.044976 4.591851
4.582481 2.982415 3.062480
4.508447 3.710745 2.971699
2.475967 4.615386 0.263995
0.880530 4.063400 3.565042
2.457883 4.677548 0.454978
2.233489 1.755896 2.021153
2.831339 4.119115 3.824903
0.208807 2.183909 3.209971
0.339047 3.545614 2.706224
0.458305 0.172959 0.552519
1.049296 0.519078 4.149608
0.318149 4.534963 4.339620
2.321243 4.613754 4.120036
0.400203 0.628796 3.385624
4.463529 4.487959 2.329200
2.105658 4.081641 4.473936
2.260770 3.864596 3.091694
0.458387 4.107832 0.331997
3.496097 1.367184 0.275700
0.552777 0.796587 0.889568
4.570295 3.922572 3.148626
4.586197 4.471221 2.244878
1.269972 1.138802 4.490872
2.236197 4.433155 3.498108
4.589964 3.971889 3.233367
2.218082 4.299653 4.262373
4.620753 3.972126 0.630060
3.611274 0.518607 0.936280
4.609632 4.021204 3.318109
2.477482 3.878990 1.220467
0.478983 4.520310 3.569593
0.756974 4.720555 3.907339
4.619636 2.891069 3.079076
0.959735 4.319874 4.664237
0.360397 4.582191 4.559202
4.629301 4.070520 3.402850
2.176007 3.811809 3.097058
2.712787 3.008398 2.607799
0.311944 2.024935 4.261570
2.868699 3.487406 1.138899
2.584926 4.182521 0.839392
2.409935 1.855292 0.312371
2.313246 2.058470 0.357202
0.773565 4.198080 2.241891
0.223955 0.640357 1.997075
2.919456 1.833690 4.621147
0.583483 1.592670 3.007233
2.347815 4.535982 2.696844
3.995161 3.596099 0.584949
4.417976 3.743480 2.944433
1.246514 2.023976 4.278761
4.494681 1.041816 0.808909
4.609790 3.290066 3.347362
4.352469 1.384516 0.876561
4.549893 4.131143 3.407239
4.573971 4.177622 3.492444
2.248474 2.574850 3.323779
1.571644 1.830865 4.787528
3.289849 2.538222 0.434757
4.640243 4.119077 1.072983
4.432141 3.371381 1.108843
2.271472 1.626816 1.889299
4.631688 4.213665 1.948230
1.659918 3.249806 4.490648
0.838175 0.096057 1.521617
2.675088 1.264404 2.067571
4.229509 2.398020 0.707644
2.379289 3.492530 2.217314
0.771256 2.210627 0.426351
3.234478 0.618050 0.578829
4.344015 1.291480 1.247607
4.598050 4.224102 3.577649
2.544560 3.578699 3.466300
2.327965 3.162771 0.753708
4.285956 4.065335 1.082629
2.266419 1.708635 2.030431
4.622128 4.270582 3.662854
4.616069 2.827436 3.156135
4.646206 4.317061 3.748059
0.886886 0.894201 3.842354
0.452509 4.669441 4.503837
0.834630 0.188069 4.521661
0.144837 2.379915 3.402204
4.636632 4.544820 2.199718
0.417859 4.541089 0.205778
4.390047 1.372150 1.284669
1.044985 2.809019 4.563365
4.624661 2.916447 1.140611
2.204117 1.851473 2.022641
2.906643 2.751005 1.988195
0.331830 3.830318 3.690543
2.775951 2.580118 1.066858
0.732968 3.989429 0.332120
3.532082 4.125074 0.791340
2.328063 1.433131 1.578982
2.375740 1.363832 2.576472
4.670285 4.363541 3.833264
4.694363 4.410021 3.918468
4.614799 3.261597 3.443093
4.406470 4.543434 1.502898
4.676089 4.368155 0.574878
4.583651 4.629165 2.190831
4.106154 3.533572 1.130527
0.626260 2.070116 3.495516
4.391405 1.383165 1.384051
0.406841 1.154239 0.953112
0.666839 4.750889 3.938251
3.970173 3.508060 0.544641
0.475968 2.337196 2.767905
1.820024 4.827284 4.596669
4.718441 4.456501 4.003674
4.452483 0.998109 0.950180
2.849346 0.979181 3.627484
0.485863 3.862875 1.564262
2.707095 1.287471 4.045271
4.627632 2.729174 3.170657
0.808988 3.245247 4.643431
0.167352 2.146696 3.364648
3.911434 1.486883 0.429292
4.742520 4.502980 4.088879
4.640554 2.630735 3.182605
0.455473 0.834053 0.220781
4.496689 4.521323 1.426182
2.710886 4.597170 1.091674
0.878149 1.700913 1.335149
4.653324 3.550687 2.537500
0.825019 1.097886 2.177584
0.165053 2.191236 3.120350
4.668729 3.288759 3.522804
3.035658 3.877093 0.852048
0.828750 4.704206 1.404387
0.281687 3.621648 1.052911
2.972078 4.445745 4.285454
4.429135 3.545391 2.296661
0.649143 3.855094 0.428331
3.693261 4.158071 0.612493
2.975996 1.860774 0.701296
1.537779 4.738990 4.330499
3.231251 2.553946 0.355265
4.477427 2.993470 3.169064
2.849043 2.637707 2.513685
0.826549 4.665792 1.237837
3.937198 1.556674 0.561222
1.325525 0.488792 4.482883
0.393780 4.737815 4.547148
4.766599 4.549460 4.174084
2.325905 4.599928 2.770538
0.257059 3.683788 1.481202
0.836462 3.417802 2.995407
2.296183 0.405390 3.538297
1.042820 2.757958 4.649320
0.221298 3.569902 0.992286
1.825355 3.235605 4.287546
0.816367 3.867167 0.769595
4.367371 1.337184 1.469538
4.482129 0.979488 0.731723
0.306079 2.841938 0.693989
3.264657 2.465205 0.498271
2.288893 2.092093 0.488955
2.205956 0.731156 3.418881
0.740128 2.892075 4.416024
2.239334 2.922867 3.238209
4.391231 3.960362 1.008329
2.244672 0.907489 3.548810
0.857334 4.218408 3.777258
0.330892 4.780438 4.612175
3.567693 1.349492 0.208164
3.249011 0.629523 0.480558
2.450218 0.810900 3.803740
2.613065 3.322953 2.804549
0.150317 2.345007 3.495753
0.596185 2.527944 1.225321
2.384275 4.617154 0.224128
4.475143 0.925772 1.015402
0.685213 1.381135 2.732331
4.308346 2.376523 0.765286
0.303227 3.844164 2.795936
0.783168 0.245421 0.257174
4.599269 2.869065 1.224933
2.402368 4.472668 3.171135
4.629436 2.593040 3.274559
1.086110 3.963098 4.665362
3.528958 1.469016 0.642200
0.761293 0.850449 3.632282
2.361760 0.878557 1.924091
2.800259 4.571329 2.492426
2.137568 1.099824 4.748037
4.790678 4.595940 4.259289
4.561742 2.881581 1.316776
0.587432 2.120324 0.891794
2.287267 1.333934 1.367744
0.398834 4.503019 3.512347
0.205344 2.462190 0.546192
0.739290 0.958172 4.382550
2.281479 4.679412 0.725317
0.301483 4.407053 2.903472
2.572351 3.728741 4.775670
2.194257 1.493414 3.424082
4.601044 3.721375 1.793199
0.925355 1.183352 1.305958
0.608722 0.796871 3.019457
2.768589 4.344027 4.636588
2.734522 3.295382 4.059677
4.814756 4.642419 4.344494
2.304382 0.428521 2.024091
4.467791 4.659357 1.434946
2.767086 4.674055 3.853375
4.430367 1.398760 1.516865
0.389354 1.188059 2.096064
3.581835 1.626911 0.427101
0.563861 2.688004 1.703493
4.685781 3.245772 3.611469
4.674604 2.547210 3.351106
4.454399 1.495347 1.526532
0.819086 1.368996 3.685546
2.831923 4.603181 2.403079
0.389279 3.182799 1.002527
0.280780 2.039315 4.647365
3.659518 4.780945 0.552150
4.691537 2.454464 3.317767
1.497281 4.115209 4.395535
4.623922 4.365448 0.489607
2.845426 0.604643 0.878741
2.426017 1.484618 1.846997
0.904152 2.174718 2.366689
2.785268 4.568874 4.487767
2.321016 0.360077 1.953108
2.881460 1.441905 2.891627
2.526798 2.883822 1.188552
2.904182 3.471725 2.759709
1.184931 3.743171 4.155591
0.124723 2.458869 3.344224
4.102806 2.299608 0.934564
2.698514 3.409032 2.882994
3.667131 0.588854 0.892172
0.328743 3.071506 4.129749
4.838835 4.688899 4.429699
4.271697 3.204001 1.134179
4.338799 3.799494 2.920074
0.291381 1.152308 2.289502
0.842766 4.361797 3.725943
0.787087 1.072513 2.318863
0.800380 2.877833 4.632539
2.246177 4.728880 1.472192
2.715251 2.802184 2.173558
4.718138 2.371305 3.269012
1.346242 0.146480 4.117369
2.729406 0.439859 2.603695
4.698654 2.287534 3.320028
0.543643 4.703541 4.480776
0.254708 1.514059 1.686948
2.868888 2.283788 3.323381
4.704133 3.318298 3.677825
0.518884 2.967530 1.661149
2.775803 3.128490 0.443951
2.167455 1.837510 3.721428
2.792761 3.761722 1.972822
4.771105 4.416539 4.130240
2.317028 0.376384 3.667254
3.491491 1.488406 0.643828
0.619026 2.846180 2.088112
4.584378 3.983645 0.537625
2.600515 0.485965 1.904877
3.694844 0.664331 0.832716
0.194521 2.033771 4.697651
2.960875 2.777247 1.205754
4.707304 2.226523 3.398786
4.862914 4.735379 4.514904
0.751794 2.794550 4.434803
4.886992 4.781858 4.600109
0.318233 3.996603 3.185925
0.346212 3.005237 4.692754
0.786678 1.693073 0.473366
4.731510 2.200193 3.492172
4.642664 4.668125 2.120123
3.431345 4.568899 0.242910
0.306164 4.274560 1.076812
4.431460 3.466592 0.295030
2.713158 3.098614 0.371958
2.263503 2.154503 0.562849
1.524662 4.727134 4.232075
4.379431 3.463757 2.326078
4.700296 2.108234 3.516031
2.957515 3.690373 0.917426
4.411637 3.376229 2.290001
0.843599 2.987377 1.415104
2.323411 3.099885 2.292616
4.911071 4.828338 4.685314
2.320759 0.399789 1.142409
4.505470 1.365297 1.573784
0.518246 4.792161 4.442027
0.454085 2.901305 1.501873
0.810820 4.433485 0.420280
4.489005 1.386501 1.283476
2.067633 1.382956 0.305215
2.915615 0.606530 2.348647
2.654396 1.642874 1.317490
4.599804 2.279481 3.332832
4.672083 2.142650 3.605583
0.227699 0.192130 0.687288
1.083525 3.976761 4.764391
4.935150 4.874818 4.770519
4.413773 2.987944 3.245989
4.526385 0.841639 0.998201
0.649792 1.764107 1.290498
4.567320 2.965836 1.370349
4.573640 2.601909 3.114110
2.773188 3.464710 1.157937
1.124574 2.105802 4.680557
2.634007 3.133973 3.935876
2.256088 0.289688 1.924301
4.626666 4.325302 0.398060
3.295519 4.617448 0.278928
0.838601 0.149521 3.449469
0.338535 1.827014 0.285934
2.292536 4.692969 2.785702
4.959228 4.921297 4.855724
4.983307 4.967777 4.940929
